7072
11631
840
11537
30180
3263
22147
22785
1286
21454
9621
30430
6565
22030
24072
27824
22446
3204
28439
32216
8939
7972
890
27330
8270
25551
22464
13241
21710
24188
12870
18635
2683
9992
7013
1971
13106
13874
18156
21149
28900
15668
13224
349
2656
10157
3393
16080
28368
7785
10985
14767
8239
29834
6409
21274
20718
17312
32162
16962
3398
102
19671
20830
11992
8458
21417
32275
20695
21766
227
27238
31051
22583
9972
1420
27446
10695
19888
26761
2664
21710
21646
19340
286
30860
16911
29182
24705
16151
7780
28773
12217
13988
31118
23750
3241
22699
28747
26186
2451
10664
3821
1445
16848
25064
23076
9095
3055
32358
4676
25570
13683
6446
18646
4327
19400
29764
17847
3698
26949
12932
485
31736
26914
22432
27429
27586
9176
20333
7379
29395
10500
26347
27602
25689
18211
19312
19053
31030
26865
14428
18725
13320
12850
3877
27206
21389
22952
24722
14860
28720
25900
15002
29185
11735
6158
30381
25283
8906
4856
27058
21706
17076
16374
14700
4298
17520
22107
10103
9235
553
22453
18364
4309
14610
27875
14815
4587
25677
12093
29117
28295
7479
1574
24125
4313
19657
11089
30374
4015
21185
13471
24350
13278
19055
29502
3130
16470
1221
14665
29669
28123
24109
4732
10341
1967
5205
30149
6293
29062
10476
13774
30884
23090
5202
10675
11998
508
25691
11170
10772
4974
8832
16264
6781
1320
14288
23865
18840
12294
32236
10257
32572
21995
28513
27049
23992
25078
29640
31569
9138
10467
23937
25050
26011
16000
573
4560
6156
19875
15723
22824
29520
9189
4791
11590
29621
360
28048
17847
29959
23223
22532
1997
21748
27092
5330
1285
3016
3973
5663
20704
10035
7405
15806
11418
23727
8282
10954
26015
10741
12981
3371
13027
4997
6851
31753
29694
24545
16222
29982
16031
14549
20175
1980
19278
10409
1766
10115
4244
29336
27768
30520
815
16216
15035
28699
3647
28928
30058
11004
7437
22265
9787
259
27651
16379
10180
27610
20414
24073
20421
18398
32696
3862
28166
21302
7802
26898
10629
32373
14295
2662
28266
1695
13587
30150
8836
15685
13542
10235
30407
11202
24486
10028
20575
9819
11719
29899
27624
1244
16451
2060
21840
12809
4996
21941
6581
25787
14880
12523
9084
24604
32045
12902
20113
5690
15288
14535
9426
2375
6247
6276
9932
18596
4138
18616
10470
17704
27056
15719
21696
5865
22916
28803
21018
11118
31168
22554
5280
7693
28760
15708
30903
25619
22564
23468
14464
32090
24789
26232
26958
15950
3394
7776
21297
22809
11379
23453
13929
20890
4507
25273
25942
30868
21872
26047
1345
28471
9531
19297
23562
14002
30643
7357
30831
29921
4439
7518
8667
16253
19526
15401
16776
18395
31605
32607
28300
23651
29757
28873
8985
31820
8778
21986
5681
7750
3624
6209
3187
31377
26763
11360
22680
30444
4704
26728
8618
22598
24182
13003
20981
27962
3838
27852
1498
20539
21367
17411
10993
17030
27921
6788
24169
28188
543
25461
19977
19260
29340
28483
15821
26692
31437
26790
8497
9442
1367
19520
11656
15373
2265
2275
4093
24523
17691
11289
17633
17639
9516
899
20204
3305
18640
22638
24313
26352
21894
22486
21554
11382
32356
4319
23001
21500
21379
22571
8806
2431
11376
7353
16546
25446
32078
12316
15134
14721
31428
27095
16569
13025
30897
21276
29481
4993
31923
22805
931
29839
4804
804
21752
7529
4277
27214
21384
12305
24396
2282
29239
11683
25725
22145
25190
11788
8238
16185
29034
2935
23950
6184
6310
27859
19737
17291
5868
1266
17894
3715
24918
26549
16940
25073
10393
27319
21973
16486
31043
9679
30728
5591
32254
17601
5507
19424
32713
7404
19374
14939
16453
11427
14963
3308
27125
28163
13570
8665
19856
15104
8347
17226
19899
27232
27726
31907
24183
31409
3518
21211
14323
18174
24462
619
25323
20787
8015
15198
11964
19334
32046
26272
19643
5515
3554
10781
5333
27447
5255
21897
12669
7055
30725
19934
26400
28493
26367
6394
735
10511
21400
11313
29829
26691
3890
9550
21194
271
8212
14347
30052
5865
13363
7469
3236
2639
29634
22202
26090
6649
25096
3398
28646
1357
1980
30791
1604
5794
3706
1664
31888
22290
5522
20989
28147
28413
15622
4774
27029
26545
18923
4024
8227
27107
18217
25861
23819
15472
4484
1792
18595
30381
32234
6846
18469
5296
23596
24673
16478
1316
13839
19056
11402
17395
3429
32447
19741
16222
20385
2690
5952
342
27684
22861
26674
18955
22236
1702
15745
8125
17898
8761
27969
596
4049
976
23014
17927
5757
26821
32622
16520
24593
3772
32431
11642
10311
21907
23217
21239
1493
25584
15124
22228
1625
27685
7203
20337
9790
14399
22405
25577
30265
11912
29022
24887
4139
841
17851
8187
11370
6012
29228
19511
27726
8653
17265
13263
3603
8070
12615
26732
8840
18250
323
26032
18127
20192
30188
29811
26075
3330
6120
4002
26929
7330
1863
22712
16170
25151
12793
30436
764
11550
18820
31186
27117
22161
28212
15943
15938
31813
7422
10468
14834
30803
9742
8645
8041
15529
13697
18473
8941
7284
2919
16509
26128
20758
9508
7049
27852
30329
4166
27642
28700
24906
27503
18877
19567
16380
17046
3577
5815
26171
26285
3241
12523
10693
20458
12416
19291
19567
8739
15838
19799
5093
17420
4331
14798
9398
12098
12589
10421
3189
26726
7380
21213
23483
30496
5631
21177
31260
23254
21725
13569
29265
13139
16371
7316
25750
14149
21565
2393
23523
14073
18086
27503
117
1953
29719
17424
10581
16687
10767
23401
19310
12237
27076
20551
28677
28928
20256
31508
32491
2341
30633
12707
26168
9515
19728
28839
5688
21002
4184
7059
22744
31996
17370
13940
3012
3622
342
17526
24541
26163
11929
27323
16925
4501
25370
31921
31167
3384
31934
8131
22860
6354
5958
9531
29778
21904
551
31655
13812
26308
20532
11025
2410
5346
7403
4687
776
15535
17642
26589
28522
16008
30127
24588
17462
22117
14630
6797
16770
24659
27577
25513
2727
24801
25228
27873
26231
18573
19520
2502
24705
24890
12700
4242
28707
15417
32241
25235
13571
23519
17620
20723
6150
15389
5285
24554
1581
5903
653
5435
24329
26938
30241
5225
1347
10929
21861
27384
28859
2832
20125
9671
23613
15742
12062
